[0;
 0;
 0;
 0;
 0;
 1;
 5;
 5;
 15;
 18;
 58;
 45;
 90;
 79;
 56;
 38;
 45;
 29;
 27;
 32;
 43;
 29;
 26;
 21;
 25;
 33;
 36;
 22;
 34;
 30;
 32;
 30;
 36;
 36;
 39;
 29;
 31;
 32;
 41;
 28;
 40;
 21;
 25;
 36;
 38;
 39;
 36;
 48;
 50;
 69;
 64;
 50;
 61;
 78;
 96;
 79;
 86;
 98;
 110;
 115;
 128;
 128;
 150;
 141;
 147;
 172;
 181;
 187;
 189;
 236;
 230;
 239;
 269;
 264;
 263;
 285;
 323;
 339;
 339;
 366;
 393;
 447;
 449;
 509;
 500;
 563;
 556;
 652;
 679;
 734;
 793;
 840;
 851;
 946;
 964;
 1053;
 1063;
 1179;
 1184;
 1283;
 1328;
 1461;
 1474;
 1588;
 1682;
 1789;
 1850;
 1998;
 2218;
 2268;
 2396;
 2552;
 2703;
 2788;
 2975;
 3112;
 3207;
 3278;
 3469;
 3466;
 3661;
 3806;
 4107;
 4078;
 4243;
 4360;
 4470;
 4659;
 4730;
 4528;
 4633;
 4606;
 4496;
 4391;
 4171;
 4114;
 3942;
 3795;
 3656;
 3481;
 3418;
 3282;
 3155;
 3208;
 3079;
 3048;
 3041;
 3141;
 3129;
 3092;
 3065;
 2987;
 2989;
 3004;
 2922;
 2939;
 2782;
 2782;
 2824;
 2723;
 2706;
 2490;
 2462;
 2418;
 2255;
 2320;
 2236;
 2177;
 2212;
 2012;
 2038;
 1858;
 1855;
 1768;
 1720;
 1655;
 1624;
 1495;
 1426;
 1411;
 1353;
 1209;
 1263;
 1097;
 1103;
 1044;
 1061;
 978;
 1046;
 1074;
 1059;
 958;
 981;
 815;
 816;
 752;
 749;
 673;
 619;
 612;
 558;
 498;
 544;
 502;
 440;
 461;
 437;
 445;
 416;
 368;
 398;
 331;
 307;
 317;
 303;
 296;
 303;
 307;
 341;
 384;
 403;
 424;
 435;
 425;
 385;
 386;
 365;
 387;
 331;
 424;
 454;
 456;
 537;
 557;
 565;
 694;
 729;
 940;
 1044;
 920;
 987;
 850;
 1020;
 1083;
 935;
 898;
 754;
 887;
 887;
 847;
 401;
 249;
 117;
 63;
 26;
 0]
